4294967278,21
4294967278,20
4294967278,19
4294967278,18
4294967278,17
4294967278,16
4294967278,15
4294967278,14
4294967278,13
4294967278,144
4294967278,143
4294967278,142
4294967278,141
4294967278,140
4294967278,139
4294967278,37
4294967278,36
4294967278,35
4294967278,34
4294967278,33
4294967278,32
4294967278,31
4294967278,30
4294967278,29
4294967278,28
4294967278,27
4294967278,25
4294967278,24
4294967278,23
4294967278,22
4294967279,21
4294967279,20
4294967279,19
4294967279,16
4294967279,13
4294967279,12
4294967279,10
4294967278,335
4294967278,26
4294967294,436
4294967279,134
4294967279,524
19,6
4294967279,133
4294967278,334
4294967278,333
4294967279,271
19,5
19,4
4294967279,279
19,3
19,2
19,1
4294967279,523
4294967279,17
4294967294,473
4294967279,264
4294967279,522
4294967279,521
18,5
4294967294,387
4294967279,263
4294967279,262
18,4
18,3
18,2
18,1
4294967278,332
4294967279,261
4294967279,275
4294967279,520
4294967278,331
4294967279,519
4294967279,518
4294967279,254
4294967279,253
4294967278,330
4294967278,258
17,5
4294967279,517
17,4
4294967278,257
17,3
17,2
17,1
4294967278,329
4294967279,516
4294967279,515
4294967278,256
4294967279,514
4294967278,328
4294967279,513
4294967278,327
4294967278,255
4294967279,512
16,5
4294967278,326
4294967279,319
4294967278,254
16,4
4294967279,318
16,3
16,2
16,1
4294967279,317
4294967278,325
4294967278,253
4294967294,114
4294967278,250
4294967278,251
4294967279,316
4294967279,315
4294967278,248
4294967294,41
4294967294,999
4294967278,245
4294967294,42
4294967278,242
4294967278,241
4294967294,45
4294967294,426
4294967294,44
4294967278,240
4294967294,76
4294967294,52
4294967278,239
4294967294,416
4294967294,51
4294967278,324
4294967278,236
14,4
14,3
14,2
14,1
4294967278,234
4294967294,82
4294967278,233
4294967278,231
4294967278,229
4294967278,227
4294967278,225
4294967294,107
4294967294,91
4294967294,87
4294967294,85
4294967278,223
4294967278,221
4294967294,88
4294967294,92
4294967278,218
4294967294,12
4294967278,216
4294967294,99
4294967278,212
4294967279,314
4294967278,323
4294967278,322
13,6
4294967294,392
4294967278,211
4294967278,321
4294967294,1175
4294967279,313
4294967279,312
4294967278,210
13,5
4294967278,208
13,4
4294967278,207
13,3
13,2
13,1
4294967278,320
4294967294,472
4294967278,206
4294967278,203
4294967294,1007
4294967294,1093
4294967294,528
4294967279,311
4294967278,319
4294967278,318
12,5
4294967278,202
4294967294,89
4294967278,201
12,4
12,3
12,2
12,1
4294967279,310
4294967278,200
4294967294,1173
4294967294,1000
4294967294,185
4294967278,199
4294967294,423
4294967278,317
4294967294,5
4294967279,309
4294967278,316
4294967279,308
4294967279,0
4294967278,315
4294967278,194
4294967278,193
11,5
4294967278,192
11,4
11,3
11,2
11,1
4294967279,307
4294967278,191
4294967278,314
4294967279,306
4294967278,189
4294967294,397
4294967294,408
4294967294,400
4294967294,1171
4294967294,178
4294967294,406
4294967294,177
4294967294,1172
4294967294,469
4294967294,455
4294967294,1097
4294967278,188
4294967278,313
4294967279,305
4294967279,304
4294967278,187
10,5
4294967278,185
10,4
4294967278,184
10,3
10,2
10,1
4294967278,312
4294967278,183
4294967278,180
4294967279,303
4294967278,311
4294967278,310
4294967278,309
4294967278,0
4294967279,302
4294967278,178
4294967279,301
4294967278,177
4294967294,393
4294967279,300
4294967279,299
4294967278,308
8,4
4294967278,172
8,3
8,2
8,1
4294967278,307
0,7
4294967278,171
4294967279,298
4294967294,0
4294967278,306
4294967279,297
4294967294,388
4294967294,389
4294967294,120
4294967294,2
4294967278,305
4294967279,296
4294967278,304
4294967279,295
4294967278,303
4294967279,294
4294967294,90
4294967294,86
4294967294,84
4294967294,1017
4294967294,1174
4294967294,29
4294967294,418
4294967294,28
4294967294,1016
4294967294,27
4294967294,53
4294967294,96
4294967294,94
4294967278,302
4294967294,9
4294967278,165
4294967294,8
4294967278,301
4294967294,7
4294967279,293
4294967294,6
4294967294,22
4294967294,50
4294967278,164
4294967294,46
4294967294,1
4294967294,17
4294967294,115
4294967294,43
4294967294,386
4294967294,161
4294967294,175
4294967294,179
4294967294,1018
4294967294,160
4294967294,168
4294967294,93
4294967294,95
4294967294,166
4294967294,24
4294967294,25
4294967294,191
4294967294,26
4294967294,30
4294967294,11
4294967278,132
4294967278,131
4294967278,130
4294967278,129
4294967278,128
4294967278,127
4294967278,126
4294967278,125
4294967278,124
4294967278,123
4294967278,122
4294967278,121
4294967278,120
4294967278,119
4294967278,118
4294967278,117
4294967278,116
4294967278,115
4294967278,114
4294967278,113
4294967278,112
